-1.529780499999999988e+00
-1.475669499999999967e+00
-1.594242199999999832e+00
-1.742276199999999831e+00
-1.949853399999999848e+00
-2.025028599999999734e+00
-1.933411400000000002e+00
-1.686872599999999833e+00
-1.343591699999999944e+00
-8.062044499999999614e-01
-6.281083499999999820e-01
-4.192600249999999806e-01
-6.819174499999999250e-01
-1.192689899999999970e+00
-1.543065499999999979e+00
-1.819829199999999814e+00
-1.999766999999999850e+00
-1.988797599999999832e+00
-1.809474199999999922e+00
-1.642725800000000014e+00
-1.561839699999999942e+00
-1.618136000000000019e+00
-1.822375799999999879e+00
-1.989333000000000018e+00
-2.029406599999999727e+00
-1.903556999999999944e+00
-1.614906500000000023e+00
-1.036295900000000048e+00
-8.761694999999999345e-01
-6.097148999999999486e-01
-4.353162499999999602e-01
-8.621620999999999313e-01
-1.252243400000000007e+00
-1.717762400000000023e+00
-1.906115400000000015e+00
-2.044807800000000064e+00
-1.901742999999999961e+00
-1.741757999999999917e+00
-1.618369900000000028e+00
-1.434992700000000010e+00
-1.461055199999999887e+00
