4.942269973230644986e+00
4.943269973230645320e+00
4.944269973230645654e+00
4.945269973230645988e+00
4.946269973230646322e+00
4.947269973230646656e+00
4.948269973230646990e+00
4.949269973230647324e+00
4.950269973230647658e+00
4.951269973230647992e+00
4.952269973230648326e+00
4.953269973230648660e+00
4.954269973230648993e+00
4.955269973230649327e+00
4.956269973230649661e+00
4.957269973230649995e+00
4.958269973230650329e+00
4.959269973230650663e+00
4.960269973230650997e+00
4.961269973230651331e+00
4.962269973230651665e+00
4.963269973230651999e+00
4.964269973230652333e+00
4.965269973230652667e+00
4.966269973230653001e+00
4.967269973230653335e+00
4.968269973230653669e+00
4.969269973230654003e+00
4.970269973230654337e+00
4.971269973230654671e+00
4.972269973230655005e+00
4.973269973230655339e+00
4.974269973230655673e+00
4.975269973230656007e+00
4.976269973230656340e+00
4.977269973230656674e+00
4.978269973230657008e+00
4.979269973230657342e+00
4.980269973230657676e+00
4.981269973230658010e+00
4.982269973230658344e+00
