-2.073890200000000128e+00
-2.021989800000000059e+00
-1.959937399999999830e+00
-1.873769000000000018e+00
-1.886737200000000003e+00
-1.834046399999999855e+00
-1.651454699999999942e+00
-1.547475599999999840e+00
-1.570464899999999941e+00
-1.469011399999999856e+00
-1.128349799999999847e+00
-1.052918400000000032e+00
-7.739070999999999589e-01
-5.602605999999999975e-01
-3.575630499999999934e-01
-2.271350999999999787e-01
-8.667799375000000139e-02
7.944871249999999052e-02
2.578240250000000122e-01
3.290823499999999679e-01
3.760017749999999825e-01
1.667135624999999954e-01
1.513994750000000056e-01
4.055496249999999969e-02
-7.041663749999999000e-02
-3.097210999999999714e-01
-4.336317999999999562e-01
-6.768177499999999958e-01
-9.205206999999999695e-01
-1.051311699999999849e+00
-1.086706999999999868e+00
-1.371821500000000027e+00
-1.424996399999999941e+00
-1.603265399999999952e+00
-1.746484199999999820e+00
-1.786496199999999979e+00
-1.866002799999999961e+00
-1.917553799999999864e+00
-1.944604400000000011e+00
-2.044332199999999933e+00
-2.028640199999999894e+00
