4.957269973230645554e+00
4.957519973230645860e+00
4.957769973230646166e+00
4.958019973230646471e+00
4.958269973230646777e+00
4.958519973230647082e+00
4.958769973230647388e+00
4.959019973230647693e+00
4.959269973230647999e+00
4.959519973230648304e+00
4.959769973230648610e+00
4.960019973230648915e+00
4.960269973230649221e+00
4.960519973230649526e+00
4.960769973230649832e+00
4.961019973230650137e+00
4.961269973230650443e+00
4.961519973230650749e+00
4.961769973230651054e+00
4.962019973230651360e+00
4.962269973230651665e+00
4.962519973230651971e+00
4.962769973230652276e+00
4.963019973230652582e+00
4.963269973230652887e+00
4.963519973230653193e+00
4.963769973230653498e+00
4.964019973230653804e+00
4.964269973230654109e+00
4.964519973230654415e+00
4.964769973230654720e+00
4.965019973230655026e+00
4.965269973230655332e+00
4.965519973230655637e+00
4.965769973230655943e+00
4.966019973230656248e+00
4.966269973230656554e+00
4.966519973230656859e+00
4.966769973230657165e+00
4.967019973230657470e+00
