-3.723330249999999841e-01
-2.882947249999999739e-01
-8.199723124999999668e-02
-1.547846874999999900e-01
-1.039003999999999900e-01
-1.002977749999999918e-01
-4.960777187499999796e-02
1.077127374999999887e-01
-8.774378749999998950e-02
9.856921874999999278e-02
4.221848749999999872e-02
1.023669921874999949e-04
6.606152499999999594e-02
1.130790500000000004e-01
2.167869999999999797e-01
1.322052999999999978e-01
3.030058999999999947e-01
2.369042249999999961e-01
1.651800249999999803e-01
1.756536999999999960e-01
1.114511374999999915e-01
1.688418499999999878e-01
1.486477625000000025e-01
2.176715749999999783e-01
2.399432249999999822e-01
8.164793749999998962e-02
1.672866124999999871e-01
1.580107624999999849e-01
1.028167749999999991e-01
-3.449816874999999533e-02
6.732635937499999342e-03
-3.205388437500000104e-02
-3.227923046874999705e-03
-2.639618437499999942e-02
-1.982346749999999991e-01
-1.821228124999999809e-01
-1.371100999999999848e-01
-2.307041249999999821e-01
-9.607742499999999408e-02
-1.957814874999999899e-01
