4.942282323997092774e+00
4.942782323997092497e+00
4.943282323997092220e+00
4.943782323997091943e+00
4.944282323997091666e+00
4.944782323997091389e+00
4.945282323997091112e+00
4.945782323997090835e+00
4.946282323997090558e+00
4.946782323997090280e+00
4.947282323997090003e+00
4.947782323997089726e+00
4.948282323997089449e+00
4.948782323997089172e+00
4.949282323997088895e+00
4.949782323997088618e+00
4.950282323997088341e+00
4.950782323997088064e+00
4.951282323997087786e+00
4.951782323997087509e+00
4.952282323997087232e+00
4.952782323997086955e+00
4.953282323997086678e+00
4.953782323997086401e+00
4.954282323997086124e+00
4.954782323997085847e+00
4.955282323997085570e+00
4.955782323997085292e+00
4.956282323997085015e+00
4.956782323997084738e+00
4.957282323997084461e+00
4.957782323997084184e+00
4.958282323997083907e+00
4.958782323997083630e+00
4.959282323997083353e+00
4.959782323997083076e+00
4.960282323997082798e+00
4.960782323997082521e+00
4.961282323997082244e+00
4.961782323997081967e+00
4.962282323997081690e+00
4.962782323997081413e+00
4.963282323997081136e+00
4.963782323997080859e+00
4.964282323997080582e+00
4.964782323997080304e+00
4.965282323997080027e+00
4.965782323997079750e+00
4.966282323997079473e+00
4.966782323997079196e+00
4.967282323997078919e+00
4.967782323997078642e+00
4.968282323997078365e+00
4.968782323997078088e+00
4.969282323997077810e+00
4.969782323997077533e+00
4.970282323997077256e+00
4.970782323997076979e+00
4.971282323997076702e+00
4.971782323997076425e+00
4.972282323997076148e+00
4.972782323997075871e+00
4.973282323997075594e+00
4.973782323997075316e+00
4.974282323997075039e+00
4.974782323997074762e+00
4.975282323997074485e+00
4.975782323997074208e+00
4.976282323997073931e+00
4.976782323997073654e+00
4.977282323997073377e+00
4.977782323997073100e+00
4.978282323997072822e+00
4.978782323997072545e+00
4.979282323997072268e+00
4.979782323997071991e+00
4.980282323997071714e+00
4.980782323997071437e+00
4.981282323997071160e+00
4.981782323997070883e+00
4.982282323997070606e+00
