-2.115780599999999900e+00
-2.082669199999999776e+00
-2.128054399999999902e+00
-2.124117399999999822e+00
-2.083806199999999720e+00
-2.084919199999999861e+00
-2.059314599999999995e+00
-2.071803199999999734e+00
-2.098310799999999698e+00
-2.053159799999999979e+00
-2.120842399999999905e+00
-2.009995799999999999e+00
-1.989533599999999902e+00
-2.034755199999999764e+00
-2.037943400000000072e+00
-1.990854200000000018e+00
-2.044492799999999999e+00
-1.964421399999999984e+00
-2.027868799999999805e+00
-1.976971999999999952e+00
-1.921219799999999811e+00
-1.988680400000000015e+00
-1.940125600000000006e+00
-1.945287199999999883e+00
-2.023203199999999757e+00
-2.002006999999999870e+00
-2.056219000000000019e+00
-2.083051600000000114e+00
-2.031609399999999788e+00
-2.061223599999999934e+00
-2.093295799999999929e+00
-2.067591399999999968e+00
-2.090632599999999730e+00
-2.066850999999999772e+00
-2.033817200000000103e+00
-2.116998999999999853e+00
-2.107823999999999920e+00
-2.127463000000000104e+00
-2.127760799999999897e+00
-2.118184999999999985e+00
-2.082039799999999996e+00
