-2.024685199999999963e+00
-1.993123199999999873e+00
-1.990493799999999869e+00
-1.958452999999999999e+00
-1.984208399999999983e+00
-1.911716999999999889e+00
-1.937692399999999981e+00
-1.880533799999999811e+00
-1.784903200000000023e+00
-1.717528599999999850e+00
-1.690723199999999871e+00
-1.618070799999999920e+00
-1.566601899999999992e+00
-1.491254699999999822e+00
-1.353119199999999855e+00
-1.296943399999999968e+00
-1.223555199999999843e+00
-1.012750700000000004e+00
-8.544024999999999537e-01
-7.800008499999999678e-01
-6.284412999999999805e-01
-4.746902499999999803e-01
-3.807609499999999869e-01
-1.879906749999999960e-01
2.108227187499999919e-02
1.809401499999999940e-01
3.368933000000000066e-01
4.912972499999999632e-01
6.295342999999999911e-01
7.804238999999999482e-01
1.006286800000000037e+00
1.187039999999999873e+00
1.310905599999999893e+00
1.421288699999999849e+00
1.673769099999999899e+00
1.617945599999999873e+00
1.724826199999999865e+00
1.812034599999999829e+00
1.851580599999999910e+00
1.924088399999999810e+00
1.902774799999999988e+00
1.866723799999999933e+00
1.809704800000000002e+00
1.810469200000000001e+00
1.726352600000000015e+00
1.674013199999999868e+00
1.565960400000000030e+00
1.480034999999999989e+00
1.357514299999999841e+00
1.261665199999999931e+00
1.082913599999999921e+00
9.553184999999999594e-01
7.378037499999999804e-01
5.053460499999999911e-01
4.247164999999999968e-01
3.134128749999999797e-01
6.984335156249999420e-03
-2.479323124999999878e-02
-3.387650749999999711e-01
-3.963981500000000047e-01
-5.553241500000000164e-01
-7.829656999999999867e-01
-9.209794000000000036e-01
-9.551379999999999315e-01
-1.029400899999999952e+00
-1.190998899999999860e+00
-1.266746799999999951e+00
-1.427291499999999935e+00
-1.518490799999999918e+00
-1.618001999999999940e+00
-1.632824399999999843e+00
-1.700816200000000000e+00
-1.737460999999999922e+00
-1.799607799999999980e+00
-1.816106400000000010e+00
-1.860588399999999920e+00
-1.874177199999999877e+00
-1.948368600000000006e+00
-1.932786999999999811e+00
-2.000511599999999834e+00
-1.994135599999999897e+00
