4.942282323997092774e+00
4.943282323997093108e+00
4.944282323997093442e+00
4.945282323997093776e+00
4.946282323997094110e+00
4.947282323997094444e+00
4.948282323997094778e+00
4.949282323997095112e+00
4.950282323997095446e+00
4.951282323997095780e+00
4.952282323997096114e+00
4.953282323997096448e+00
4.954282323997096782e+00
4.955282323997097116e+00
4.956282323997097450e+00
4.957282323997097784e+00
4.958282323997098118e+00
4.959282323997098452e+00
4.960282323997098786e+00
4.961282323997099120e+00
4.962282323997099454e+00
4.963282323997099788e+00
4.964282323997100121e+00
4.965282323997100455e+00
4.966282323997100789e+00
4.967282323997101123e+00
4.968282323997101457e+00
4.969282323997101791e+00
4.970282323997102125e+00
4.971282323997102459e+00
4.972282323997102793e+00
4.973282323997103127e+00
4.974282323997103461e+00
4.975282323997103795e+00
4.976282323997104129e+00
4.977282323997104463e+00
4.978282323997104797e+00
4.979282323997105131e+00
4.980282323997105465e+00
4.981282323997105799e+00
4.982282323997106133e+00
