-2.105122399999999949e+00
-1.976222199999999818e+00
-1.982558399999999832e+00
-1.944915199999999844e+00
-1.794632599999999911e+00
-1.691699999999999982e+00
-1.591092900000000032e+00
-1.391943200000000047e+00
-1.236880599999999886e+00
-9.664049000000000111e-01
-6.529366999999999255e-01
-3.446754499999999943e-01
4.155725312499999879e-02
3.069009999999999794e-01
6.209059499999999288e-01
9.516566999999999110e-01
1.229659499999999905e+00
1.481494099999999925e+00
1.743161199999999855e+00
1.861908399999999908e+00
1.853912799999999805e+00
1.858864999999999990e+00
1.756886199999999842e+00
1.542356599999999966e+00
1.378686599999999984e+00
1.102392899999999898e+00
8.255188499999999152e-01
3.622391249999999951e-01
5.861788750000000020e-02
-3.616609749999999956e-01
-6.542109999999999870e-01
-8.861464000000000008e-01
-1.092108899999999938e+00
-1.262270899999999862e+00
-1.496780199999999894e+00
-1.674953799999999937e+00
-1.772560200000000030e+00
-1.905539799999999895e+00
-1.978426399999999807e+00
-1.997228000000000003e+00
-2.013853600000000021e+00
